MEMORY
  total           14516 KB
  struct            159 KB
  buffer             21 KB
  arena           14336 KB, used 0.4%

SIZES
  narena                14680064
  nbuffer               21600
  nplugin               0
  maxuse_stack          8848
  maxuse_arena          62976
  maxuse_con            18
  maxuse_efc            73
  ncon                  10
  ne                    0
  nf                    0
  nl                    1
  nefc                  41
  nJ                    615
  nA                    0
  nisland               2
  nidof                 15
  ntree_awake           2
  nbody_awake           14
  nparent_awake         13
  nv_awake              15
  threadpool            0

TIMER
    0:  duration =  0.054      number = 1
    1:  duration =  0.052      number = 1
    2:  duration =  0          number = 0
    3:  duration =  0.036      number = 1
    4:  duration =  0.0035     number = 1
    5:  duration =  0.0007     number = 1
    6:  duration =  0.0094     number = 1
    7:  duration =  0.0012     number = 1
    8:  duration =  0.0044     number = 1
    9:  duration =  0.0017     number = 1
    10:  duration =  0.02       number = 1
    11:  duration =  0.0093     number = 1
    12:  duration =  0.0003     number = 1
    13:  duration =  0.0039     number = 1
    14:  duration =  0.016      number = 1

SOLVER STAT
  solver_fwdinv =   0         0       
  ISLAND 0
    solver_niter = 1
    solver_nnz = 81
      0:  improvement =  2.9e-09     gradient =  4.5e-13     lineslope =  0       
          nactive = 25   nchange = 0   neval = 2   nupdate = 0

  ISLAND 1
    solver_niter = 1
    solver_nnz = 36
      0:  improvement = -3e-15       gradient =  6.6e-16     lineslope =  0       
          nactive = 16   nchange = 0   neval = 2   nupdate = 0

ENERGY =   0         0       

TIME =  6.3     

QPOS
   0.025   
  -0.07    
  -0.025   
  -1.3     
  -0.00065 
   1.2     
   0.79    
   0.04    
   0.04    
   0.5     
   1.4e-16 
   0.44    
   1       
   4.6e-18 
  -9.4e-20 
  -5.9e-18 

QVEL
   0.0038  
   0.073   
   0.00048 
   0.052   
   0.00042 
  -0.016   
  -0.00031 
  -1.6e-07 
   4.7e-06 
   1.9e-18 
   2.6e-17 
   7.6e-15 
  -9.4e-16 
  -1.2e-16 
   1.2e-16 

QACC_WARMSTART
  -0.0042  
  -0.08    
  -0.0012  
  -0.14    
  -0.0012  
   0.042   
   0.00082 
  -9.3e-07 
  -4.5e-06 
   2.1e-18 
  -2.9e-15 
  -2.4e-16 
   3.8e-14 
   3.3e-14 
   2.1e-14 

CTRL
   0.0035  
   0.65    
   0.0016  
   0.13    
  -0.006   
   0.0057  
  -2.4e-05 
   0.04    
   0.04    

QFRC_APPLIED
   0       
   0       
   0       
   0       
   0       
   0       
   0       
   0       
   0       
   0       
   0       
   0       
   0       
   0       
   0       

XFRC_APPLIED
   0         0         0         0         0         0       
   0         0         0         0         0         0       
   0         0         0         0         0         0       
   0         0         0         0         0         0       
   0         0         0         0         0         0       
   0         0         0         0         0         0       
   0         0         0         0         0         0       
   0         0         0         0         0         0       
   0         0         0         0         0         0       
   0         0         0         0         0         0       
   0         0         0         0         0         0       
   0         0         0         0         0         0       
   0         0         0         0         0         0       
   0         0         0         0         0         0       

QACC
  -0.0042  
  -0.08    
  -0.0012  
  -0.14    
  -0.0012  
   0.042   
   0.00082 
  -9.3e-07 
  -4.5e-06 
   2.1e-18 
  -2.9e-15 
  -2.4e-16 
   3.8e-14 
   3.3e-14 
   2.1e-14 

SENSOR
   0.025   
  -0.07    
  -0.025   
  -1.3     
  -0.00065 
   1.2     
   0.79    

TREE_ASLEEP
  -11
  -11

XPOS
   0         0         0       
   0         0         0       
   0         0         0.33    
   0         0         0.33    
  -0.022    -0.00056   0.65    
   0.06     -0.00057   0.65    
   0.39     -0.00096   0.87    
   0.39     -0.00096   0.87    
   0.48     -0.00098   0.87    
   0.48     -0.00086   0.77    
   0.48     -0.041     0.71    
   0.48      0.039     0.71    
   0.3       0         0.4     
   0.5       1.4e-16   0.44    

XQUAT
   1         0         0         0       
   1         0         0         0       
   1         0         0         0.013   
   0.71     -0.71     -0.034    -0.016   
   1         0.00089  -0.035    -2.8e-05 
   0.58      0.58      0.4      -0.4     
   0.83      0.00055   0.56      0.00024 
   0.71      0.71     -0.015     0.015   
  -0.0084    0.92     -0.38      0.019   
  -0.00059   1        -0.00036   0.021   
  -0.00059   1        -0.00036   0.021   
  -0.00059   1        -0.00036   0.021   
   1         0         0         0       
   1         3.7e-18  -9.4e-20  -5.9e-18 

XMAT
   1         0         0         0         1         0         0         0         1       
   1         0         0         0         1         0         0         0         1       
   1        -0.025     0         0.025     1         0         0         0         1       
   1         0.07     -0.025     0.025     0.0018    1         0.07     -1         1e-16   
   1        -6.8e-06  -0.07     -0.00012   1        -0.0018    0.07      0.0018    1       
   0.36      0.93      6.8e-06   0.0017   -0.00064  -1        -0.93      0.36     -0.0018  
   0.36      0.00023   0.93      0.001     1        -0.00064  -0.93      0.0012    0.36    
   1        -0.041    -0.00023  -0.00028  -0.0012   -1         0.041     1        -0.0012  
   0.71     -0.71      0.041    -0.71     -0.71      0.0012    0.028    -0.03     -1       
   1        -0.0007    0.041    -0.00075  -1         0.0012    0.041    -0.0012   -1       
   1        -0.0007    0.041    -0.00075  -1         0.0012    0.041    -0.0012   -1       
   1        -0.0007    0.041    -0.00075  -1         0.0012    0.041    -0.0012   -1       
   1         0         0         0         1         0         0         0         1       
   1         1.2e-17  -1.9e-19  -1.2e-17   1        -7.4e-18   1.9e-19   7.4e-18   1       

XIPOS
   0         0         0       
   0         0         0.025   
  -0.00055   0.022     0.29    
  -0.0019    0.075     0.33    
  -0.003    -0.00048   0.6     
   0.06     -0.076     0.65    
   0.29     -0.00089   0.83    
   0.39     -0.051     0.87    
   0.48     -0.00092   0.82    
   0.48     -0.00086   0.77    
   0.48     -0.061     0.67    
   0.48      0.059     0.67    
   0.3       0         0.4     
   0.5       1.4e-16   0.44    

XIMAT
   1         0         0         0         1         0         0         0         1       
   1         0         0         0        -1        -1.2e-16   0         1.2e-16  -1       
   1        -0.023    -0.0095    0.025     0.93      0.37     -8.7e-19  -0.37      0.93    
   1        -0.07      0.025     0.025    -0.0018   -1         0.07      1        -1e-16   
  -6.8e-06  -0.98      0.19      1        -0.00035  -0.0017    0.0018    0.19      0.98    
   0.36     -0.93     -6.8e-06   0.0017    0.00064   1        -0.93     -0.36      0.0018  
   0.36      0.00023   0.93      0.001     1        -0.00064  -0.93      0.0012    0.36    
   1         0.041     0.00023  -0.00028   0.0012    1         0.041    -1         0.0012  
   0.71      0.71     -0.041    -0.71      0.71     -0.0012    0.028     0.03      1       
   1        -0.0007    0.041    -0.00075  -1         0.0012    0.041    -0.0012   -1       
   1        -0.0007    0.041    -0.00075  -1         0.0012    0.041    -0.0012   -1       
   1        -0.0007    0.041    -0.00075  -1         0.0012    0.041    -0.0012   -1       
   1         0         0         0         1         0         0         0         1       
   1         1.2e-17  -1.9e-19  -1.2e-17   1        -7.4e-18   1.9e-19   7.4e-18   1       

XANCHOR
   0         0         0.33    
   0         0         0.33    
  -0.022    -0.00056   0.65    
   0.06     -0.00057   0.65    
   0.39     -0.00096   0.87    
   0.39     -0.00096   0.87    
   0.48     -0.00098   0.87    
   0.48     -0.00079   0.71    
   0.48     -0.00079   0.71    
   0.5       1.4e-16   0.44    

XAXIS
   0         0         1       
  -0.025     1         1.1e-16 
  -0.07     -0.0018    1       
   6.8e-06  -1        -0.0018  
   0.93     -0.00064   0.36    
  -0.00023  -1        -0.0012  
   0.041     0.0012   -1       
  -0.0007   -1        -0.0012  
   0.0007    1         0.0012  
   0         0         1       

GEOM_XPOS
   0         0         0       
   0         0         0.025   
   0         0         0.26    
  -0.0013    0.05      0.33    
  -0.0019    0.075     0.33    
  -0.017    -0.00043   0.57    
   0.018    -0.00057   0.65    
   0.06     -0.076     0.65    
   0.29     -0.00089   0.83    
   0.39     -0.051     0.87    
   0.48     -0.00092   0.82    
   0.48     -0.00086   0.77    
   0.48     -0.061     0.67    
   0.48      0.059     0.67    
   0.3       0         0.4     
   0.5       1.4e-16   0.44    

GEOM_XMAT
   1         0         0         0         1         0         0         0         1       
   1         0         0         0        -1        -1.2e-16   0         1.2e-16  -1       
   1        -0.025     0         0.025     1         0         0         0         1       
   1         0         0.025     0.025     0        -1         0         1         0       
   1        -0.07      0.025     0.025    -0.0018   -1         0.07      1        -1e-16   
   1        -6.8e-06  -0.07     -0.00012   1        -0.0018    0.07      0.0018    1       
  -0.07     -6.8e-06  -1        -0.0018    1         0.00012   1         0.0018   -0.07    
   0.36     -0.93     -6.8e-06   0.0017    0.00064   1        -0.93     -0.36      0.0018  
   0.36      0.00023   0.93      0.001     1        -0.00064  -0.93      0.0012    0.36    
   1         0.041     0.00023  -0.00028   0.0012    1         0.041    -1         0.0012  
   0.71      0.71     -0.041    -0.71      0.71     -0.0012    0.028     0.03      1       
   1        -0.0007    0.041    -0.00075  -1         0.0012    0.041    -0.0012   -1       
   1        -0.0007    0.041    -0.00075  -1         0.0012    0.041    -0.0012   -1       
   1        -0.0007    0.041    -0.00075  -1         0.0012    0.041    -0.0012   -1       
   1         0         0         0         1         0         0         0         1       
   1         1.2e-17  -1.9e-19  -1.2e-17   1        -7.4e-18   1.9e-19   7.4e-18   1       

SITE_XPOS
   0.48     -0.00073   0.66    

SITE_XMAT
   1        -0.0007    0.041    -0.00075  -1         0.0012    0.041    -0.0012   -1       

LIGHT_XPOS
   0         0         1.5     

LIGHT_XDIR
   0         0        -1       

SUBTREE_COM
   0.26     -8.8e-05   0.43    
   0.12     -0.00045   0.56    
   0.12     -0.00047   0.58    
   0.15     -0.0068    0.66    
   0.18     -0.023     0.73    
   0.27     -0.033     0.78    
   0.36     -0.016     0.84    
   0.42     -0.031     0.84    
   0.48     -0.00089   0.79    
   0.48     -0.00083   0.75    
   0.48     -0.061     0.67    
   0.48      0.059     0.67    
   0.3       0         0.4     
   0.5       1.4e-16   0.44    

CDOF
   0         0         1         0.00045   0.12     -0       
  -0.025     1         1.1e-16   0.22      0.0057   -0.12    
  -0.07     -0.0018    1         4.6e-05   0.13      0.00024 
   6.8e-06  -1        -0.0018    0.096    -9.8e-05   0.055   
   0.93     -0.00064   0.36      1.6e-05   0.19      0.0003  
  -0.00023  -1        -0.0012    0.31      0.00025  -0.27    
   0.041     0.0012   -1         0.00016   0.37      0.00044 
   0         0         0        -0.0007   -1        -0.0012  
   0         0         0         0.0007    1         0.0012  
   0         0         0         1         0         0       
   0         0         0         0         1         0       
   0         0         0         0         0         1       
   1        -1.2e-17   1.9e-19  -4.6e-51   0         2.5e-32 
   1.2e-17   1         7.4e-18  -1.8e-49   0         2.9e-49 
  -1.9e-19  -7.4e-18   1        -2.5e-32   0        -4.6e-51 

CINERT
   0         0         0         0         0         0         0         0         0         0       
   0.16      0.17      0.0085    2.9e-05  -0.035     0.00013  -0.065     0.00025  -0.3       0.57    
   0.23      0.27      0.05      0.0078   -0.093     0.015    -0.35      0.067    -0.8       3       
   0.1       0.11      0.041     0.015    -0.045     0.029    -0.2       0.13     -0.38      1.7     
   0.02      0.062     0.046    -1e-05     0.014     2.3e-05  -0.34     -0.00011   0.13      2.9     
   0.033     0.023     0.023    -0.0071    0.009     0.012    -0.094    -0.13      0.16      1.7     
   0.16      0.24      0.08      0.00017  -0.11      0.00026   0.38     -0.00093   0.58      2.1     
   0.14      0.23      0.1       0.018    -0.11      0.021     0.36     -0.066     0.41      1.3     
   0.038     0.11      0.071     9.2e-05  -0.051     6.7e-05   0.2      -0.00025   0.14      0.54    
   0.012     0.045     0.035     3.8e-05  -0.02      2.1e-05   0.093    -0.0001    0.054     0.26    
   0.00053   0.0048    0.0045    0.00071  -0.0013    0.00021   0.012    -0.0019    0.0035    0.032   
   0.00053   0.0048    0.0045   -0.00071  -0.0013   -0.00021   0.012     0.0019    0.0036    0.032   
   6.9       6.9       14        0        -1.8e-31   0        -3.2e-15   0        -3.2e-15   58      
   4.2e-05   4.2e-05   4.2e-05   5.8e-41  -1.5e-39   0         0        -2.5e-33   0         0.1     

ACTUATOR_LENGTH
   2.5     
  -7       
  -2.5     
  -1.3e+02 
  -0.065   
   1.2e+02 
   79      
   0.04    
   0.04    

actuator_moment
-----------------
 x               |
  x              |
   x             |
    x            |
     x           |
      x          |
       x         |
        x        |
         x       |
-----------------

ACTUATOR_MOMENT
     0:  1e+02   
     1:  1e+02   
     2:  1e+02   
     3:  1e+02   
     4:  1e+02   
     5:  1e+02   
     6:  1e+02   
     7:  1       
     8:  1       

CRB
   0         0         0         0         0         0         0         0         0         0       
   0.9       1.3       0.47      0.034    -0.44      0.077    -1.7e-16   7e-19     1.1e-15   14      
   0.74      1.1       0.46      0.034    -0.41      0.077     0.065    -0.00025   0.3       14      
   0.51      0.83      0.41      0.026    -0.31      0.062     0.41     -0.067     1.1       11      
   0.4       0.72      0.37      0.011    -0.27      0.033     0.61     -0.2       1.5       8.8     
   0.38      0.65      0.32      0.011    -0.28      0.033     0.95     -0.2       1.4       6       
   0.35      0.63      0.3       0.018    -0.29      0.021     1        -0.067     1.2       4.3     
   0.19      0.39      0.22      0.018    -0.18      0.021     0.67     -0.066     0.61      2.2     
   0.051     0.16      0.11      0.00014  -0.073     9e-05     0.31     -0.00038   0.2       0.86    
   0.013     0.055     0.044     4.5e-05  -0.022     2.3e-05   0.12     -0.00012   0.061     0.32    
   0.00053   0.0048    0.0045    0.00071  -0.0013    0.00021   0.012    -0.0019    0.0035    0.032   
   0.00053   0.0048    0.0045   -0.00071  -0.0013   -0.00021   0.012     0.0019    0.0036    0.032   
   6.9       6.9       14        0        -1.8e-31   0        -3.2e-15   0        -3.2e-15   58      
   4.2e-05   4.2e-05   4.2e-05   5.8e-41  -1.5e-39   0         0        -2.5e-33   0         0.1     

QM
   0.75    
   0.099     2.2     
   0.68      0.095     0.84    
  -0.016    -0.9      -0.013     0.67    
   0.047     0.037     0.049    -0.025     0.12    
   2.6e-06  -0.011     2.4e-05   0.028     3.3e-07   0.12    
  -0.0012    1.2e-07  -0.0012    7.7e-07  -0.0004   -1.8e-08   0.1     
  -0.016    -0.00026  -0.016     8.3e-06  -0.0071   -3.1e-06   1.7e-18   0.13    
   0.016     0.00026   0.016    -8.3e-06   0.0071    3.1e-06  -1.7e-18             0.13    
                                                                                             0.1     
                                                                                             0         0.1     
                                                                                             0         0         0.1     
                                                                                             0         0         0         4.2e-05 
                                                                                             0         0         0         0         4.2e-05 
                                                                                             0         0         0         0         0         4.2e-05 

M
     0:  0.75    
     0:  0.099      1:  2.2     
     0:  0.68       1:  0.095      2:  0.84    
     0: -0.016      1: -0.9        2: -0.013      3:  0.67    
     0:  0.047      1:  0.037      2:  0.049      3: -0.025      4:  0.12    
     0:  2.6e-06    1: -0.011      2:  2.4e-05    3:  0.028      4:  3.3e-07    5:  0.12    
     0: -0.0012     1:  1.2e-07    2: -0.0012     3:  7.7e-07    4: -0.0004     5: -1.8e-08    6:  0.1     
     0: -0.016      1: -0.00026    2: -0.016      3:  8.3e-06    4: -0.0071     5: -3.1e-06    6:  1.7e-18    7:  0.13    
     0:  0.016      1:  0.00026    2:  0.016      3: -8.3e-06    4:  0.0071     5:  3.1e-06    6: -1.7e-18    8:  0.13    
     9:  0.1     
    10:  0.1     
    11:  0.1     
    12:  4.2e-05 
    13:  4.2e-05 
    14:  4.2e-05 

QLD
     0:  0.2     
     0:  0.015      1:  0.97    
     0:  0.8        1:  0.094      2:  0.82    
     0: -0.0096     1: -1.3        2: -0.0042     3:  0.66    
     0:  0.38       1:  0.31       2:  0.39       3: -0.21       4:  0.12    
     0:  1.6e-05    1: -0.095      2:  0.0002     3:  0.24       4: -4.5e-08    5:  0.12    
     0: -0.012      1:  1.2e-06    2: -0.012      3:  7.6e-06    4: -0.004      5: -1.8e-07    6:  0.1     
     0: -0.12       1: -0.002      2: -0.12       3:  6.3e-05    4: -0.054      5: -2.3e-05    6:  1.3e-17    7:  0.13    
     0:  0.12       1:  0.002      2:  0.12       3: -6.3e-05    4:  0.054      5:  2.3e-05    6: -1.3e-17    8:  0.13    
     9:  0.1     
    10:  0.1     
    11:  0.1     
    12:  4.2e-05 
    13:  4.2e-05 
    14:  4.2e-05 

QLDIAGINV
   5       
   1       
   1.2     
   1.5     
   8.2     
   8.6     
   9.9     
   7.6     
   7.6     
   10      
   10      
   10      
   2.4e+04 
   2.4e+04 
   2.4e+04 

M: inertia structure
-----------------
 x               |
 xx              |
 xxx             |
 xxxx            |
 xxxxx           |
 xxxxxx          |
 xxxxxxx         |
 xxxxxxxx        |
 xxxxxxx x       |
          x      |
           x     |
            x    |
             x   |
              x  |
               x |
-----------------

iM: block-diagonal inertia (nnzs are island ids)
-----------------
 0               |
 00              |
 000             |
 0000            |
 00000           |
 000000          |
 0000000         |
 00000000        |
 0000000 0       |
          1      |
           1     |
            1    |
             1   |
              1  |
               1 |
-----------------

QH
     0:  0.21    
     0:  0.015      1:  0.98    
     0:  0.8        1:  0.094      2:  0.82    
     0: -0.0098     1: -1.3        2: -0.0045     3:  0.66    
     0:  0.37       1:  0.3        2:  0.38       3: -0.2        4:  0.12    
     0:  1.6e-05    1: -0.093      2:  0.00019    3:  0.23       4: -2.3e-09    5:  0.12    
     0: -0.012      1:  1.2e-06    2: -0.012      3:  7.4e-06    4: -0.0039     5: -1.8e-07    6:  0.1     
     0: -0.12       1: -0.0019     2: -0.12       3:  6.2e-05    4: -0.053      5: -2.3e-05    6:  1.3e-17    7:  0.13    
     0:  0.12       1:  0.0019     2:  0.12       3: -6.2e-05    4:  0.053      5:  2.3e-05    6: -1.3e-17    8:  0.13    
     9:  0.1     
    10:  0.1     
    11:  0.1     
    12:  4.2e-05 
    13:  4.2e-05 
    14:  4.2e-05 

QHDIAGINV
   4.9     
   1       
   1.2     
   1.5     
   8.1     
   8.5     
   9.7     
   7.5     
   7.5     
   10      
   10      
   10      
   2.4e+04 
   2.4e+04 
   2.4e+04 

TREE_AWAKE
  1 1

BODY_AWAKE
  -1 -1 1 1 1 1 1 1 1 1 1 1 -1 1

BODY_AWAKE_IND
  0 1 2 3 4 5 6 7 8 9 10 11 12 13

PARENT_AWAKE_IND
  1 2 3 4 5 6 7 8 9 10 11 12 13

DOF_AWAKE_IND
  0 1 2 3 4 5 6 7 8 9 10 11 12 13 14

CONTACT
  0:
     dim           3
     geoms         2 : 14
     exclude       0
     efc_address   1
     solref         0.011     1       
     solimp         0.95      0.97      0.001     0.5       2       
     dist          -0.003   
     includemargin  0       
     pos            0         0         0.38    
     frame          0         0         1         0         1         0        -1         0         0       
     friction       1         1         0.005     0.0001    0.0001  
     mu             1       
     force          8.3e+05   0         0         0         0         0       
  1:
     dim           3
     geoms         3 : 14
     exclude       0
     efc_address   5
     solref         0.011     1       
     solimp         0.95      0.97      0.001     0.5       2       
     dist          -0.003   
     includemargin  0       
     pos           -0.0025    0.1       0.38    
     frame          0         0         1         0         1         0        -1         0         0       
     friction       1         1         0.005     0.0001    0.0001  
     mu             1       
     force          8.3e+05  -29        1.2e+03   0         0         0       
  2:
     dim           3
     geoms         3 : 14
     exclude       0
     efc_address   9
     solref         0.011     1       
     solimp         0.95      0.97      0.001     0.5       2       
     dist          -0.003   
     includemargin  0       
     pos            0        -6.9e-18   0.38    
     frame          0         0         1         0         1         0        -1         0         0       
     friction       1         1         0.005     0.0001    0.0001  
     mu             1       
     force          8.3e+05   0         0         0         0         0       
  3:
     dim           3
     geoms         4 : 14
     exclude       0
     efc_address   13
     solref         0.011     1       
     solimp         0.95      0.97      0.001     0.5       2       
     dist          -0.003   
     includemargin  0       
     pos           -0.0038    0.15      0.38    
     frame          0         0         1         0         1         0        -1         0         0       
     friction       1         1         0.005     0.0001    0.0001  
     mu             1       
     force          7e+04     19       -7.6e+02   0         0         0       
  4:
     dim           3
     geoms         4 : 14
     exclude       0
     efc_address   17
     solref         0.011     1       
     solimp         0.95      0.97      0.001     0.5       2       
     dist          -0.003   
     includemargin  0       
     pos            0         0         0.38    
     frame          0         0         1         0         1         0        -1         0         0       
     friction       1         1         0.005     0.0001    0.0001  
     mu             1       
     force          7e+04     23       -9.1e+02   0         0         0       
  5:
     dim           3
     geoms         8 : 10
     exclude       0
     efc_address   21
     solref         0.02      1       
     solimp         0.9       0.95      0.001     0.5       2       
     dist          -0.002   
     includemargin  0       
     pos            0.44     -0.00097   0.87    
     frame          1        -0.00028   0.041     0.00028   1         1.1e-05  -0.041     1.7e-21   1       
     friction       1         1         0.005     0.0001    0.0001  
     mu             1       
     force          4.7e+02   0.053     3.7       0         0         0       
  6:
     dim           3
     geoms         14 : 15
     exclude       0
     efc_address   25
     solref         0.002     1       
     solimp         0.99      0.99      0.001     0.5       2       
     dist          -3.9e-06 
     includemargin  0       
     pos            0.47     -0.025     0.42    
     frame          0         0         1         0         1         0        -1         0         0       
     friction       2         2         1         0.005     0.005   
     mu             2       
     force          0.25     -4.2e-17  -4.2e-17   0         0         0       
  7:
     dim           3
     geoms         14 : 15
     exclude       0
     efc_address   29
     solref         0.002     1       
     solimp         0.99      0.99      0.001     0.5       2       
     dist          -3.9e-06 
     includemargin  0       
     pos            0.53     -0.025     0.42    
     frame          0         0         1         0         1         0        -1         0         0       
     friction       2         2         1         0.005     0.005   
     mu             2       
     force          0.25     -2.8e-17  -4.2e-17   0         0         0       
  8:
     dim           3
     geoms         14 : 15
     exclude       0
     efc_address   33
     solref         0.002     1       
     solimp         0.99      0.99      0.001     0.5       2       
     dist          -3.9e-06 
     includemargin  0       
     pos            0.47      0.025     0.42    
     frame          0         0         1         0         1         0        -1         0         0       
     friction       2         2         1         0.005     0.005   
     mu             2       
     force          0.25     -5.6e-17   1.4e-17   0         0         0       
  9:
     dim           3
     geoms         14 : 15
     exclude       0
     efc_address   37
     solref         0.002     1       
     solimp         0.99      0.99      0.001     0.5       2       
     dist          -3.9e-06 
     includemargin  0       
     pos            0.53      0.025     0.42    
     frame          0         0         1         0         1         0        -1         0         0       
     friction       2         2         1         0.005     0.005   
     mu             2       
     force          0.25     -1.4e-17   0         0         0         0       

EFC_TYPE
  3
  6
  6
  6
  6
  6
  6
  6
  6
  6
  6
  6
  6
  6
  6
  6
  6
  6
  6
  6
  6
  6
  6
  6
  6
  6
  6
  6
  6
  6
  6
  6
  6
  6
  6
  6
  6
  6
  6
  6
  6

EFC_ID
  7
  0
  0
  0
  0
  1
  1
  1
  1
  2
  2
  2
  2
  3
  3
  3
  3
  4
  4
  4
  4
  5
  5
  5
  5
  6
  6
  6
  6
  7
  7
  7
  7
  8
  8
  8
  8
  9
  9
  9
  9

EFC_J
   0         0         0         0         0         0         0        -1         0         0         0         0         0         0         0       
   0         0         0         0         0         0         0         0         0         0         0         0         0         0         0       
   0         0         0         0         0         0         0         0         0         0         0         0         0         0         0       
   0         0         0         0         0         0         0         0         0         0         0         0         0         0         0       
   0         0         0         0         0         0         0         0         0         0         0         0         0         0         0       
   0.0025    0         0         0         0         0         0         0         0         0         0         0         0         0         0       
  -0.0025    0         0         0         0         0         0         0         0         0         0         0         0         0         0       
  -0.1       0         0         0         0         0         0         0         0         0         0         0         0         0         0       
   0.1       0         0         0         0         0         0         0         0         0         0         0         0         0         0       
   0         0         0         0         0         0         0         0         0         0         0         0         0         0         0       
   0         0         0         0         0         0         0         0         0         0         0         0         0         0         0       
   6.9e-18   0         0         0         0         0         0         0         0         0         0         0         0         0         0       
  -6.9e-18   0         0         0         0         0         0         0         0         0         0         0         0         0         0       
   0.0038   -0.0012    0         0         0         0         0         0         0         0         0         0         0         0         0       
  -0.0038    0.0012    0         0         0         0         0         0         0         0         0         0         0         0         0       
  -0.15      0.048     0         0         0         0         0         0         0         0         0         0         0         0         0       
   0.15     -0.048     0         0         0         0         0         0         0         0         0         0         0         0         0       
   0        -0.0012    0         0         0         0         0         0         0         0         0         0         0         0         0       
   0         0.0012    0         0         0         0         0         0         0         0         0         0         0         0         0       
   0         0.048     0         0         0         0         0         0         0         0         0         0         0         0         0       
   0        -0.048     0         0         0         0         0         0         0         0         0         0         0         0         0       
   0         0         0         0         0        -5.7e-05   0.039     0         0         0         0         0         0         0         0       
   0         0         0         0         0         5.7e-05  -0.039     0         0         0         0         0         0         0         0       
   0         0         0         0         0         0.049     4.5e-05   0         0         0         0         0         0         0         0       
   0         0         0         0         0        -0.049    -4.5e-05   0         0         0         0         0         0         0         0       
   0         0         0         0         0         0         0         0         0         0         2         1         0.025     0.025    -0.05    
   0         0         0         0         0         0         0         0         0         0        -2         1        -0.075     0.025     0.05    
   0         0         0         0         0         0         0         0         0        -2         0         1        -0.025     0.075    -0.05    
   0         0         0         0         0         0         0         0         0         2         0         1        -0.025    -0.025     0.05    
   0         0         0         0         0         0         0         0         0         0         2         1         0.025    -0.025     0.05    
   0         0         0         0         0         0         0         0         0         0        -2         1        -0.075    -0.025    -0.05    
   0         0         0         0         0         0         0         0         0        -2         0         1        -0.025     0.025    -0.05    
   0         0         0         0         0         0         0         0         0         2         0         1        -0.025    -0.075     0.05    
   0         0         0         0         0         0         0         0         0         0         2         1         0.075     0.025    -0.05    
   0         0         0         0         0         0         0         0         0         0        -2         1        -0.025     0.025     0.05    
   0         0         0         0         0         0         0         0         0        -2         0         1         0.025     0.075     0.05    
   0         0         0         0         0         0         0         0         0         2         0         1         0.025    -0.025    -0.05    
   0         0         0         0         0         0         0         0         0         0         2         1         0.075    -0.025     0.05    
   0         0         0         0         0         0         0         0         0         0        -2         1        -0.025    -0.025    -0.05    
   0         0         0         0         0         0         0         0         0        -2         0         1         0.025     0.025     0.05    
   0         0         0         0         0         0         0         0         0         2         0         1         0.025    -0.075    -0.05    

IEFC_J
   0         0         0         0         0         0         0        -1         0       ......... ......... ......... ......... ......... ......... 
   0         0         0         0         0         0         0         0         0       ......... ......... ......... ......... ......... ......... 
   0         0         0         0         0         0         0         0         0       ......... ......... ......... ......... ......... ......... 
   0         0         0         0         0         0         0         0         0       ......... ......... ......... ......... ......... ......... 
   0         0         0         0         0         0         0         0         0       ......... ......... ......... ......... ......... ......... 
   0.0025    0         0         0         0         0         0         0         0       ......... ......... ......... ......... ......... ......... 
  -0.0025    0         0         0         0         0         0         0         0       ......... ......... ......... ......... ......... ......... 
  -0.1       0         0         0         0         0         0         0         0       ......... ......... ......... ......... ......... ......... 
   0.1       0         0         0         0         0         0         0         0       ......... ......... ......... ......... ......... ......... 
   0         0         0         0         0         0         0         0         0       ......... ......... ......... ......... ......... ......... 
   0         0         0         0         0         0         0         0         0       ......... ......... ......... ......... ......... ......... 
   6.9e-18   0         0         0         0         0         0         0         0       ......... ......... ......... ......... ......... ......... 
  -6.9e-18   0         0         0         0         0         0         0         0       ......... ......... ......... ......... ......... ......... 
   0.0038   -0.0012    0         0         0         0         0         0         0       ......... ......... ......... ......... ......... ......... 
  -0.0038    0.0012    0         0         0         0         0         0         0       ......... ......... ......... ......... ......... ......... 
  -0.15      0.048     0         0         0         0         0         0         0       ......... ......... ......... ......... ......... ......... 
   0.15     -0.048     0         0         0         0         0         0         0       ......... ......... ......... ......... ......... ......... 
   0        -0.0012    0         0         0         0         0         0         0       ......... ......... ......... ......... ......... ......... 
   0         0.0012    0         0         0         0         0         0         0       ......... ......... ......... ......... ......... ......... 
   0         0.048     0         0         0         0         0         0         0       ......... ......... ......... ......... ......... ......... 
   0        -0.048     0         0         0         0         0         0         0       ......... ......... ......... ......... ......... ......... 
   0         0         0         0         0        -5.7e-05   0.039     0         0       ......... ......... ......... ......... ......... ......... 
   0         0         0         0         0         5.7e-05  -0.039     0         0       ......... ......... ......... ......... ......... ......... 
   0         0         0         0         0         0.049     4.5e-05   0         0       ......... ......... ......... ......... ......... ......... 
   0         0         0         0         0        -0.049    -4.5e-05   0         0       ......... ......... ......... ......... ......... ......... 
 ......... ......... ......... ......... ......... ......... ......... ......... .........   0         2         1         0.025     0.025    -0.05    
 ......... ......... ......... ......... ......... ......... ......... ......... .........   0        -2         1        -0.075     0.025     0.05    
 ......... ......... ......... ......... ......... ......... ......... ......... .........  -2         0         1        -0.025     0.075    -0.05    
 ......... ......... ......... ......... ......... ......... ......... ......... .........   2         0         1        -0.025    -0.025     0.05    
 ......... ......... ......... ......... ......... ......... ......... ......... .........   0         2         1         0.025    -0.025     0.05    
 ......... ......... ......... ......... ......... ......... ......... ......... .........   0        -2         1        -0.075    -0.025    -0.05    
 ......... ......... ......... ......... ......... ......... ......... ......... .........  -2         0         1        -0.025     0.025    -0.05    
 ......... ......... ......... ......... ......... ......... ......... ......... .........   2         0         1        -0.025    -0.075     0.05    
 ......... ......... ......... ......... ......... ......... ......... ......... .........   0         2         1         0.075     0.025    -0.05    
 ......... ......... ......... ......... ......... ......... ......... ......... .........   0        -2         1        -0.025     0.025     0.05    
 ......... ......... ......... ......... ......... ......... ......... ......... .........  -2         0         1         0.025     0.075     0.05    
 ......... ......... ......... ......... ......... ......... ......... ......... .........   2         0         1         0.025    -0.025    -0.05    
 ......... ......... ......... ......... ......... ......... ......... ......... .........   0         2         1         0.075    -0.025     0.05    
 ......... ......... ......... ......... ......... ......... ......... ......... .........   0        -2         1        -0.025    -0.025    -0.05    
 ......... ......... ......... ......... ......... ......... ......... ......... .........  -2         0         1         0.025     0.025     0.05    
 ......... ......... ......... ......... ......... ......... ......... ......... .........   2         0         1         0.025    -0.075    -0.05    

EFC_POS
  -9.4e-08 
  -0.003   
  -0.003   
  -0.003   
  -0.003   
  -0.003   
  -0.003   
  -0.003   
  -0.003   
  -0.003   
  -0.003   
  -0.003   
  -0.003   
  -0.003   
  -0.003   
  -0.003   
  -0.003   
  -0.003   
  -0.003   
  -0.003   
  -0.003   
  -0.002   
  -0.002   
  -0.002   
  -0.002   
  -3.9e-06 
  -3.9e-06 
  -3.9e-06 
  -3.9e-06 
  -3.9e-06 
  -3.9e-06 
  -3.9e-06 
  -3.9e-06 
  -3.9e-06 
  -3.9e-06 
  -3.9e-06 
  -3.9e-06 
  -3.9e-06 
  -3.9e-06 
  -3.9e-06 
  -3.9e-06 

EFC_MARGIN
   0       
   0       
   0       
   0       
   0       
   0       
   0       
   0       
   0       
   0       
   0       
   0       
   0       
   0       
   0       
   0       
   0       
   0       
   0       
   0       
   0       
   0       
   0       
   0       
   0       
   0       
   0       
   0       
   0       
   0       
   0       
   0       
   0       
   0       
   0       
   0       
   0       
   0       
   0       
   0       
   0       

EFC_FRICTIONLOSS
   0       
   0       
   0       
   0       
   0       
   0       
   0       
   0       
   0       
   0       
   0       
   0       
   0       
   0       
   0       
   0       
   0       
   0       
   0       
   0       
   0       
   0       
   0       
   0       
   0       
   0       
   0       
   0       
   0       
   0       
   0       
   0       
   0       
   0       
   0       
   0       
   0       
   0       
   0       
   0       
   0       

EFC_DIAGAPPROX
   7.6     
   0.004   
   0.004   
   0.004   
   0.004   
   0.004   
   0.004   
   0.004   
   0.004   
   0.004   
   0.004   
   0.004   
   0.004   
   0.047   
   0.047   
   0.047   
   0.047   
   0.047   
   0.047   
   0.047   
   0.047   
   0.85    
   0.85    
   0.85    
   0.85    
   4e+02   
   4e+02   
   4e+02   
   4e+02   
   4e+02   
   4e+02   
   4e+02   
   4e+02   
   4e+02   
   4e+02   
   4e+02   
   4e+02   
   4e+02   
   4e+02   
   4e+02   
   4e+02   

EFC_KBIP
   2.8e+03   1.1e+02   0.9      -0.019   
   8.8e+03   1.9e+02   0.97      0       
   8.8e+03   1.9e+02   0.97      0       
   8.8e+03   1.9e+02   0.97      0       
   8.8e+03   1.9e+02   0.97      0       
   8.8e+03   1.9e+02   0.97      0       
   8.8e+03   1.9e+02   0.97      0       
   8.8e+03   1.9e+02   0.97      0       
   8.8e+03   1.9e+02   0.97      0       
   8.8e+03   1.9e+02   0.97      0       
   8.8e+03   1.9e+02   0.97      0       
   8.8e+03   1.9e+02   0.97      0       
   8.8e+03   1.9e+02   0.97      0       
   8.8e+03   1.9e+02   0.97      0       
   8.8e+03   1.9e+02   0.97      0       
   8.8e+03   1.9e+02   0.97      0       
   8.8e+03   1.9e+02   0.97      0       
   8.8e+03   1.9e+02   0.97      0       
   8.8e+03   1.9e+02   0.97      0       
   8.8e+03   1.9e+02   0.97      0       
   8.8e+03   1.9e+02   0.97      0       
   2.8e+03   1.1e+02   0.95      0       
   2.8e+03   1.1e+02   0.95      0       
   2.8e+03   1.1e+02   0.95      0       
   2.8e+03   1.1e+02   0.95      0       
   6.4e+04   5.1e+02   0.99      0       
   6.4e+04   5.1e+02   0.99      0       
   6.4e+04   5.1e+02   0.99      0       
   6.4e+04   5.1e+02   0.99      0       
   6.4e+04   5.1e+02   0.99      0       
   6.4e+04   5.1e+02   0.99      0       
   6.4e+04   5.1e+02   0.99      0       
   6.4e+04   5.1e+02   0.99      0       
   6.4e+04   5.1e+02   0.99      0       
   6.4e+04   5.1e+02   0.99      0       
   6.4e+04   5.1e+02   0.99      0       
   6.4e+04   5.1e+02   0.99      0       
   6.4e+04   5.1e+02   0.99      0       
   6.4e+04   5.1e+02   0.99      0       
   6.4e+04   5.1e+02   0.99      0       
   6.4e+04   5.1e+02   0.99      0       

EFC_D
   1.2     
   8.1e+03 
   8.1e+03 
   8.1e+03 
   8.1e+03 
   8.1e+03 
   8.1e+03 
   8.1e+03 
   8.1e+03 
   8.1e+03 
   8.1e+03 
   8.1e+03 
   8.1e+03 
   6.8e+02 
   6.8e+02 
   6.8e+02 
   6.8e+02 
   6.8e+02 
   6.8e+02 
   6.8e+02 
   6.8e+02 
   22      
   22      
   22      
   22      
   0.25    
   0.25    
   0.25    
   0.25    
   0.25    
   0.25    
   0.25    
   0.25    
   0.25    
   0.25    
   0.25    
   0.25    
   0.25    
   0.25    
   0.25    
   0.25    

EFC_R
   0.84    
   0.00012 
   0.00012 
   0.00012 
   0.00012 
   0.00012 
   0.00012 
   0.00012 
   0.00012 
   0.00012 
   0.00012 
   0.00012 
   0.00012 
   0.0015  
   0.0015  
   0.0015  
   0.0015  
   0.0015  
   0.0015  
   0.0015  
   0.0015  
   0.044   
   0.044   
   0.044   
   0.044   
   4       
   4       
   4       
   4       
   4       
   4       
   4       
   4       
   4       
   4       
   4       
   4       
   4       
   4       
   4       
   4       

ACTUATOR_VELOCITY
   0.38    
   7.4     
   0.048   
   5.2     
   0.042   
  -1.6     
  -0.032   
  -1.6e-07 
   4.7e-06 

CVEL
   0         0         0         0         0         0       
   0         0         0         0         0         0       
   0         0         0.0038    1.7e-06   0.00044   0       
  -0.0019    0.074     0.0038    0.017     0.00086  -0.0085  
  -0.0019    0.074     0.0043    0.017     0.00092  -0.0085  
  -0.0019    0.021     0.0042    0.022     0.00091  -0.0056  
  -0.0015    0.021     0.0043    0.022     0.00099  -0.0056  
  -0.0015    0.038     0.0044    0.016     0.00099  -0.0011  
  -0.0015    0.038     0.0047    0.016     0.00087  -0.0011  
  -0.0015    0.038     0.0047    0.016     0.00087  -0.0011  
  -0.0015    0.038     0.0047    0.016     0.00087  -0.0011  
  -0.0015    0.038     0.0047    0.016     0.00088  -0.0011  
   0         0         0         0         0         0       
  -1e-15    -4.2e-17  -4.2e-17   5.6e-19   2.9e-17   7.6e-15 

CDOF_DOT
   0         0         0         0         0         0       
  -0.0038   -9.6e-05   0        -2.2e-05   0.00085   1.3e-05 
   0.073     0.0016    0.0052    0.00036  -0.016    -0.00022 
   0.0041   -3.4e-06   0.0019   -0.0044    0.00055  -0.024   
   0.0077    0.0046   -0.02     -0.00047  -0.013    -0.0012  
   0.0043   -2.8e-06   0.0015   -0.011     0.00097  -0.028   
  -0.038    -0.0013   -0.0016   -0.0026    0.016    -0.00059 
   0         0        -0         0.0046   -5.1e-06   0.0015  
   0         0        -0        -0.0046    5.1e-06  -0.0015  
   0         0         0         0         0         0       
   0         0         0         0         0         0       
   0         0         0         0         0         0       
   0         0        -0         9e-32     7.6e-15  -2.9e-17 
   0         0         0        -7.6e-15   9e-32     5.6e-19 
   0        -0         0         2.9e-17  -5.6e-19   1.3e-36 

QFRC_BIAS
   0.00026 
  -16      
   0.17    
   13      
  -0.6     
   0.77    
  -1.6e-07 
  -0.00038 
   0.00038 
  -5.5e-48 
   8.8e-47 
   0.98    
   0       
   0       
   7.8e-64 

QFRC_SPRING
   0       
   0       
   0       
   0       
   0       
   0       
   0       
   0       
   0       
   0       
   0       
   0       
   0       
   0       
   0       

QFRC_DAMPER
  -0.0038  
  -0.074   
  -0.00048 
  -0.052   
  -0.00042 
   0.016   
   0.00032 
   1.6e-07 
  -4.7e-06 
   0       
   0       
   0       
   0       
   0       
   0       

QFRC_GRAVCOMP
   0       
   0       
   0       
   0       
   0       
   0       
   0       
   0       
   0       
   0       
   0       
   0       
   0       
   0       
   0       

QFRC_FLUID
   0       
   0       
   0       
   0       
   0       
   0       
   0       
   0       
   0       
   0       
   0       
   0       
   0       
   0       
   0       

QFRC_PASSIVE
  -0.0038  
  -0.074   
  -0.00048 
  -0.052   
  -0.00042 
   0.016   
   0.00032 
   1.6e-07 
  -4.7e-06 
   0       
   0       
   0       
   0       
   0       
   0       

EFC_VEL
   1.6e-07 
   0       
   0       
   0       
   0       
   9.6e-06 
  -9.6e-06 
  -0.00038 
   0.00038 
   0       
   0       
   2.6e-20 
  -2.6e-20 
  -7.6e-05 
   7.6e-05 
   0.003   
  -0.003   
  -9e-05   
   9e-05   
   0.0036  
  -0.0036  
  -1.1e-05 
   1.1e-05 
  -0.0008  
   0.0008  
   7.7e-15 
   7.7e-15 
   7.7e-15 
   7.7e-15 
   7.7e-15 
   7.7e-15 
   7.7e-15 
   7.7e-15 
   7.6e-15 
   7.6e-15 
   7.6e-15 
   7.6e-15 
   7.6e-15 
   7.6e-15 
   7.6e-15 
   7.6e-15 

EFC_AREF
   0.00022 
   26      
   26      
   26      
   26      
   26      
   26      
   26      
   25      
   26      
   26      
   26      
   26      
   26      
   26      
   25      
   26      
   26      
   26      
   25      
   26      
   5.3     
   5.3     
   5.3     
   5.2     
   0.25    
   0.25    
   0.25    
   0.25    
   0.25    
   0.25    
   0.25    
   0.25    
   0.25    
   0.25    
   0.25    
   0.25    
   0.25    
   0.25    
   0.25    
   0.25    

SUBTREE_LINVEL
   0         0         0       
   0         0         0       
   0         0         0       
   0         0         0       
   0         0         0       
   0         0         0       
   0         0         0       
   0         0         0       
   0         0         0       
   0         0         0       
   0         0         0       
   0         0         0       
   0         0         0       
   0         0         0       

SUBTREE_ANGMOM
   0         0         0       
   0         0         0       
   0         0         0       
   0         0         0       
   0         0         0       
   0         0         0       
   0         0         0       
   0         0         0       
   0         0         0       
   0         0         0       
   0         0         0       
   0         0         0       
   0         0         0       
   0         0         0       

ACTUATOR_FORCE
   0.0035  
   0.65    
   0.0016  
   0.13    
  -0.006   
   0.0057  
  -2.4e-05 
  -9.4e-06 
   0.00027 

QFRC_ACTUATOR
   0.35    
   65      
   0.16    
   13      
  -0.6     
   0.57    
  -0.0024  
  -9.4e-06 
   0.00027 
   0       
   0       
   0       
   0       
   0       
   0       

QFRC_SMOOTH
   0.35    
   81      
  -0.0099  
  -0.018   
   2.8e-05 
  -0.18    
  -0.0021  
   0.00037 
  -0.00011 
   5.5e-48 
  -8.8e-47 
  -0.98    
   0       
   0       
  -7.8e-64 

QACC_SMOOTH
  -4.3     
   83      
  -4.4     
   1.1e+02 
   1.1     
  -20      
  -0.12    
  -0.83    
   0.83    
   5.5e-47 
  -8.8e-46 
  -9.8     
   0       
   0       
  -1.9e-59 

EFC_B
   0.83    
  -26      
  -26      
  -26      
  -26      
  -26      
  -26      
  -25      
  -26      
  -26      
  -26      
  -26      
  -26      
  -26      
  -25      
  -20      
  -31      
  -26      
  -25      
  -21      
  -30      
  -5.3     
  -5.3     
  -6.3     
  -4.2     
  -10      
  -10      
  -10      
  -10      
  -10      
  -10      
  -10      
  -10      
  -10      
  -10      
  -10      
  -10      
  -10      
  -10      
  -10      
  -10      

EFC_FORCE
   0.00026 
   2.1e+05 
   2.1e+05 
   2.1e+05 
   2.1e+05 
   2.1e+05 
   2.1e+05 
   2.1e+05 
   2.1e+05 
   2.1e+05 
   2.1e+05 
   2.1e+05 
   2.1e+05 
   1.8e+04 
   1.7e+04 
   1.7e+04 
   1.8e+04 
   1.8e+04 
   1.7e+04 
   1.7e+04 
   1.8e+04 
   1.2e+02 
   1.2e+02 
   1.2e+02 
   1.2e+02 
   0.061   
   0.061   
   0.061   
   0.061   
   0.061   
   0.061   
   0.061   
   0.061   
   0.061   
   0.061   
   0.061   
   0.061   
   0.061   
   0.061   
   0.061   
   0.061   

EFC_STATE
  0
  1
  1
  1
  1
  1
  1
  1
  1
  1
  1
  1
  1
  1
  1
  1
  1
  1
  1
  1
  1
  1
  1
  1
  1
  1
  1
  1
  1
  1
  1
  1
  1
  1
  1
  1
  1
  1
  1
  1
  1

QFRC_CONSTRAINT
  -0.36    
  -81      
   0       
   0       
   0       
   0.18    
   0.0022  
  -0.00026 
   0       
   6.9e-17 
  -1.4e-16 
   0.98    
   1.3e-18 
  -1.7e-18 
   3.5e-18 

QFRC_INVERSE
   0       
   0       
   0       
   0       
   0       
   0       
   0       
   0       
   0       
   0       
   0       
   0       
   0       
   0       
   0       

CACC
   0         0         0         0         0         0       
   0         0         0         0         0         0       
   0         0         0         0         0         0       
   0         0         0         0         0         0       
   0         0         0         0         0         0       
   0         0         0         0         0         0       
   0         0         0         0         0         0       
   0         0         0         0         0         0       
   0         0         0         0         0         0       
   0         0         0         0         0         0       
   0         0         0         0         0         0       
   0         0         0         0         0         0       
   0         0         0         0         0         0       
   0         0         0         0         0         0       

CFRC_INT
   0         0         0         0         0         0       
   0         0         0         0         0         0       
   0         0         0         0         0         0       
   0         0         0         0         0         0       
   0         0         0         0         0         0       
   0         0         0         0         0         0       
   0         0         0         0         0         0       
   0         0         0         0         0         0       
   0         0         0         0         0         0       
   0         0         0         0         0         0       
   0         0         0         0         0         0       
   0         0         0         0         0         0       
   0         0         0         0         0         0       
   0         0         0         0         0         0       

CFRC_EXT
   0         0         0         0         0         0       
   0         0         0         0         0         0       
   0         0         0         0         0         0       
   0         0         0         0         0         0       
   0         0         0         0         0         0       
   0         0         0         0         0         0       
   0         0         0         0         0         0       
   0         0         0         0         0         0       
   0         0         0         0         0         0       
   0         0         0         0         0         0       
   0         0         0         0         0         0       
   0         0         0         0         0         0       
   0         0         0         0         0         0       
   0         0         0         0         0         0       

TREE_ISLAND
  0 1

ISLAND_NTREE
  1 1

ISLAND_ITREEADR
  0 1

MAP_ITREE2TREE
  0 1

DOF_ISLAND            0 0 0 0 0 0 0 0 0 1 1 1 1 1 1

ISLAND_NV             9 6

ISLAND_IDOFADR        0 9

MAP_IDOF2DOF          0 1 2 3 4 5 6 7 8 | 9 10 11 12 13 14

EFC_ISLAND            0 0 0 0 0 0 0 0 0 0 0 0 0 0 0 0 0 0 0 0 0 0 0 0 0 1 1 1 1 1 1 1 1 1 1 1 1 1 1 1 1

ISLAND_NEFC           25 16

ISLAND_IEFCADR        0 25

MAP_IEFC2EFC          0 1 2 3 4 5 6 7 8 9 10 11 12 13 14 15 16 17 18 19 20 21 22 23 24 | 25 26 27 28 29 30 31 32 33 34 35 36 37 38 39 40

